0 0.171875 0.1796875 0.05078125 0.0359375
0 0.334375 0.2375 0.04375 0.0359375
0 0.38515625 0.2015625 0.04140625 0.0421875
0 0.41484375 0.23828125 0.040625 0.0359375
0 0.41328125 0.14375 0.0421875 0.03828125
0 0.50703125 0.14765625 0.03359375 0.03828125
0 0.36015625 0.3609375 0.04375 0.04375
0 0.30234375 0.5703125 0.03828125 0.04453125
0 0.28359375 0.60078125 0.04453125 0.03359375
0 0.25 0.64140625 0.03671875 0.03984375
0 0.25078125 0.68046875 0.03828125 0.0359375
0 0.3046875 0.77734375 0.0484375 0.0359375
0 0.37890625 0.7765625 0.0453125 0.034375
0 0.41796875 0.6828125 0.03515625 0.04375
0 0.48515625 0.7515625 0.0359375 0.04140625
0 0.4703125 0.834375 0.0375 0.028125
0 0.35234375 0.8984375 0.04140625 0.046875
0 0.54375 0.71484375 0.046875 0.03515625
0 0.64921875 0.60234375 0.03671875 0.03984375
0 0.7203125 0.60234375 0.03671875 0.03984375
0 0.73046875 0.63359375 0.0375 0.03671875
1 0.23203125 0.5796875 0.04296875 0.025
1 0.3546875 0.578125 0.059375 0.02265625
1 0.4578125 0.5796875 0.06171875 0.02421875
1 0.2546875 0.8875 0.0484375 0.02265625
1 0.128125 0.8875 0.05390625 0.02265625
1 0.440625 0.8875 0.0421875 0.021875
1 0.8734375 0.5515625 0.021875 0.0390625
1 0.87265625 0.62109375 0.01875 0.03515625
1 0.871875 0.68671875 0.021875 0.03671875
1 0.87265625 0.75546875 0.021875 0.03828125
1 0.5296875 0.8359375 0.02421875 0.05859375
1 0.45625 0.35 0.0625 0.0234375
1 0.53984375 0.3046875 0.02109375 0.03125
1 0.2625 0.35078125 0.05078125 0.01953125
1 0.1375 0.35078125 0.05078125 0.02109375
1 0.078125 0.278125 0.02109375 0.08984375
1 0.13671875 0.203125 0.0484375 0.0203125
1 0.18125 0.11171875 0.02421875 0.11171875
1 0.22734375 0.040625 0.0625 0.0234375
1 0.465625 0.040625 0.06171875 0.02265625