0 0.0578125 0.39375 0.05390625 0.07421875
0 0.2921875 0.38984375 0.04453125 0.075
0 0.34140625 0.40234375 0.04921875 0.06953125
0 0.4265625 0.19296875 0.046875 0.0828125
0 0.41640625 0.4703125 0.040625 0.08359375
0 0.5875 0.63203125 0.05078125 0.0875
0 0.63984375 0.6328125 0.04921875 0.0953125
0 0.725 0.7984375 0.05078125 0.0625
0 0.80546875 0.746875 0.05390625 0.05859375
0 0.85078125 0.6359375 0.04765625 0.08515625
0 0.84921875 0.4140625 0.0484375 0.08671875
0 0.871875 0.52265625 0.053125 0.065625
0 0.30546875 0.775 0.0546875 0.09140625
0 0.39453125 0.7734375 0.06328125 0.09921875
0 0.396875 0.6375 0.05546875 0.09765625
1 0.13203125 0.51015625 0.103125 0.04296875
1 0.22578125 0.309375 0.02109375 0.090625
1 0.22734375 0.41875 0.021875 0.10859375
1 0.5109375 0.87109375 0.10234375 0.0390625
1 0.66953125 0.87421875 0.0828125 0.03828125
1 0.77578125 0.871875 0.05703125 0.034375
1 0.878125 0.87265625 0.08515625 0.0359375
1 0.87890625 0.1328125 0.10078125 0.040625
1 0.63046875 0.1328125 0.20234375 0.0375
1 0.4859375 0.22109375 0.084375 0.02421875
1 0.53203125 0.1671875 0.0171875 0.109375
1 0.97421875 0.49765625 0.02109375 0.06328125