0 0.23828125 0.23359375 0.065625 0.06953125
0 0.50234375 0.23203125 0.0609375 0.06796875
0 0.56328125 0.23359375 0.06484375 0.07421875
0 0.5578125 0.4484375 0.06796875 0.0765625
0 0.5421875 0.553125 0.06796875 0.08125
0 0.61171875 0.40625 0.05078125 0.06484375
0 0.68203125 0.44375 0.053125 0.06171875
0 0.69921875 0.378125 0.07734375 0.0609375
0 0.8171875 0.40234375 0.0640625 0.0703125
0 0.70234375 0.55859375 0.05546875 0.04765625
0 0.740625 0.2875 0.0625 0.065625
0 0.93515625 0.5875 0.0890625 0.0640625
0 0.6875 0.8078125 0.0671875 0.0703125
0 0.68203125 0.9421875 0.065625 0.075
0 0.76796875 0.94453125 0.06953125 0.0765625
1 0.16328125 0.5296875 0.1203125 0.03671875
1 0.38359375 0.5328125 0.12890625 0.03515625
1 0.26875 0.5328125 0.10546875 0.03515625
1 0.9171875 0.35 0.034375 0.06171875
1 0.91484375 0.46171875 0.0296875 0.0640625
1 0.77421875 0.04140625 0.11875 0.0359375
1 0.609375 0.04140625 0.1203125 0.0375
1 0.434375 0.03984375 0.12265625 0.0359375
1 0.58203125 0.63203125 0.034375 0.06953125
1 0.5828125 0.75625 0.034375 0.06328125
1 0.58203125 0.69453125 0.0390625 0.0640625
1 0.05078125 0.16875 0.0390625 0.12109375