0 0.15078125 0.4140625 0.02109375 0.0484375
0 0.1515625 0.5015625 0.02109375 0.06640625
0 0.15078125 0.46484375 0.0234375 0.053125
0 0.09765625 0.640625 0.0234375 0.0515625
0 0.08671875 0.73515625 0.02578125 0.05546875
0 0.184375 0.63671875 0.02421875 0.05546875
0 0.18515625 0.22265625 0.0234375 0.05234375
0 0.36640625 0.6734375 0.0265625 0.05859375
0 0.38046875 0.41484375 0.02421875 0.0546875
0 0.403125 0.4140625 0.0234375 0.0609375
0 0.396875 0.21484375 0.03515625 0.05234375
0 0.38828125 0.56171875 0.01875 0.04609375
0 0.5 0.4765625 0.0296875 0.05703125
0 0.471875 0.5484375 0.01875 0.04453125
0 0.36953125 0.73125 0.0265625 0.05078125
0 0.36875 0.784375 0.021875 0.046875
0 0.4125 0.55625 0.02578125 0.05234375
0 0.365625 0.84609375 0.025 0.05546875
0 0.79765625 0.44921875 0.01796875 0.03984375
0 0.84296875 0.48828125 0.021875 0.05859375
0 0.9359375 0.421875 0.028125 0.05625
1 0.92578125 0.48125 0.009375 0.06875
1 0.446875 0.7078125 0.03515625 0.02109375
1 0.44609375 0.2015625 0.03515625 0.02265625
1 0.3484375 0.246875 0.0359375 0.0234375
1 0.253125 0.70625 0.0359375 0.021875
1 0.1546875 0.70703125 0.03671875 0.025
1 0.06484375 0.63203125 0.0109375 0.06875
1 0.10859375 0.484375 0.0109375 0.0484375
1 0.109375 0.5484375 0.01171875 0.04921875
1 0.14921875 0.24765625 0.0359375 0.02421875
1 0.08671875 0.58125 0.02421875 0.015625
1 0.32734375 0.76328125 0.01015625 0.0640625
1 0.38671875 0.8203125 0.01484375 0.01796875
1 0.4046875 0.73359375 0.009375 0.034375
0 0.40859375 0.50625 0.02265625 0.04765625
1 0.2109375 0.2203125 0.02109375 0.046875
1 0.2359375 0.20078125 0.02734375 0.02421875
1 0.2640625 0.20078125 0.02890625 0.025
1 0.290625 0.2234375 0.0203125 0.04453125