0 0.2421875 0.253125 0.05234375 0.06328125
0 0.24140625 0.38828125 0.05078125 0.06953125
0 0.296875 0.40390625 0.059375 0.08984375
0 0.2515625 0.6125 0.06328125 0.0859375
0 0.19140625 0.6390625 0.06015625 0.0859375
0 0.46640625 0.63515625 0.0515625 0.06640625
0 0.46484375 0.13984375 0.06875 0.0984375
0 0.5015625 0.125 0.06796875 0.1015625
0 0.61953125 0.11796875 0.06171875 0.08359375
0 0.61640625 0.028125 0.0703125 0.05546875
0 0.67890625 0.08828125 0.05703125 0.0921875
0 0.91953125 0.0578125 0.071875 0.08984375
0 0.784375 0.390625 0.059375 0.09609375
0 0.971875 0.23984375 0.05625 0.08125
0 0.82890625 0.940625 0.06640625 0.08359375
0 0.82890625 0.78515625 0.0703125 0.09453125
1 0.225 0.740625 0.01640625 0.1125
1 0.58984375 0.7296875 0.02578125 0.18359375
1 0.58828125 0.49765625 0.025 0.140625
1 0.5890625 0.30390625 0.02421875 0.14609375
1 0.92890625 0.89296875 0.0375 0.03203125