1 0.15078125 0.82265625 0.090625 0.03125
1 0.36796875 0.896875 0.03359375 0.03125
1 0.49453125 0.8953125 0.08984375 0.03046875
1 0.66328125 0.89375 0.0875 0.028125
1 0.8359375 0.89296875 0.125 0.03203125
1 0.9265625 0.6390625 0.02265625 0.08125
1 0.58515625 0.3953125 0.15 0.0296875
1 0.84453125 0.38828125 0.06171875 0.03359375
1 0.36484375 0.30234375 0.06015625 0.034375
1 0.425 0.30234375 0.05859375 0.0359375
1 0.14375 0.0890625 0.03671875 0.0328125
1 0.30625 0.08671875 0.03046875 0.03203125
1 0.3265625 0.1546875 0.021875 0.1203125
1 0.05234375 0.153125 0.02265625 0.0421875
1 0.05234375 0.23125 0.02109375 0.04609375
1 0.05546875 0.36640625 0.02578125 0.0859375
0 0.790625 0.51953125 0.04765625 0.078125
0 0.790625 0.3703125 0.04765625 0.08515625
0 0.62421875 0.70703125 0.04921875 0.078125
0 0.45859375 0.70703125 0.0484375 0.07578125
0 0.30703125 0.7734375 0.0515625 0.08828125
0 0.3609375 0.71953125 0.04609375 0.07890625
0 0.27890625 0.8796875 0.05859375 0.1015625
0 0.14140625 0.48828125 0.0515625 0.071875
0 0.26484375 0.5296875 0.06015625 0.07265625
0 0.10078125 0.32421875 0.0375 0.0625
0 0.14609375 0.32265625 0.0390625 0.059375
0 0.15234375 0.42109375 0.0484375 0.06015625
0 0.134375 0.15703125 0.04296875 0.05078125
0 0.303125 0.2828125 0.04765625 0.08046875
0 0.4921875 0.38046875 0.0453125 0.08828125
1 0.45859375 0.3375 0.0265625 0.1046875
0 0.04296875 0.5359375 0.05625 0.065625