0 0.1671875 0.4734375 0.08125 0.13671875
1 0.18828125 0.6984375 0.02734375 0.26015625
0 0.51875 0.37265625 0.0609375 0.15625
0 0.63203125 0.73203125 0.06640625 0.15859375
0 0.86875 0.82578125 0.0578125 0.14765625
0 0.71640625 0.340625 0.06875 0.13125
0 0.61328125 0.94296875 0.07890625 0.1140625
0 0.9296875 0.7828125 0.0734375 0.1640625
0 0.93125 0.9359375 0.07265625 0.128125
1 0.18828125 0.2984375 0.0359375 0.2296875
1 0.96171875 0.47578125 0.03046875 0.225
0 0.66015625 0.93671875 0.0640625 0.1265625