1 0.153125 0.1078125 0.06640625 0.02109375
1 0.45078125 0.190625 0.02421875 0.1078125
1 0.3421875 0.47109375 0.13125 0.02578125
1 0.55546875 0.2921875 0.01875 0.0796875
1 0.9375 0.290625 0.015625 0.10859375
1 0.684375 0.47578125 0.065625 0.01875
1 0.3671875 0.6671875 0.0265625 0.03828125
0 0.33828125 0.2921875 0.0484375 0.06484375
0 0.15703125 0.2890625 0.04140625 0.04609375
0 0.21640625 0.3328125 0.06015625 0.04765625
0 0.5984375 0.35859375 0.03828125 0.0484375
0 0.68203125 0.23125 0.04296875 0.05078125
0 0.2921875 0.165625 0.0453125 0.04453125
0 0.20703125 0.165625 0.05859375 0.0484375
0 0.43046875 0.7484375 0.0265625 0.06640625
0 0.50390625 0.7234375 0.0796875 0.0265625
1 0.48359375 0.9171875 0.06328125 0.01640625